0.0000000000000000e+00 2.0848440899202320e-03
1.0000000000000000e+00 2.1244309559939304e-03
2.0000000000000000e+00 8.0162462590850788e-04
3.0000000000000000e+00 8.9571940411088062e-04
4.0000000000000000e+00 8.4337349397590360e-04
5.0000000000000000e+00 6.2277076374341847e-04
8.0000000000000000e+00 6.4901951694404522e-04
9.0000000000000000e+00 1.8211619012930248e-04
1.0000000000000000e+01 4.9844236760124608e-04
1.1000000000000000e+01 8.2250370126665568e-04
1.2000000000000000e+01 3.4275082015374820e-04
1.3000000000000000e+01 1.1164274322169058e-03
1.4000000000000000e+01 2.6075619295958278e-04
1.5000000000000000e+01 4.4267374944665784e-05
1.6000000000000000e+01 2.0461614012113276e-04
1.8000000000000000e+01 1.5803138051698837e-03
1.9000000000000000e+01 3.0303030303030303e-04
2.0000000000000000e+01 9.1797861109836135e-05
2.1000000000000000e+01 1.7764092846991946e-03
2.2000000000000000e+01 2.1625187845911373e-03
2.3000000000000000e+01 2.9950581540458244e-04
2.4000000000000000e+01 5.7458055619397834e-04
2.5000000000000000e+01 5.8559437829396835e-04
2.6000000000000000e+01 4.0657017401203447e-04
2.7000000000000000e+01 7.6824583866837387e-04
2.8000000000000000e+01 4.6899786192151184e-03
2.9000000000000000e+01 4.9694379565671121e-04
3.0000000000000000e+01 2.6410310585252484e-04
3.1000000000000000e+01 7.7432070955934108e-04
4.2000000000000000e+01 6.8536740588436874e-04
4.3000000000000000e+01 5.3629759641168158e-04
4.4000000000000000e+01 2.7417917609157583e-04
4.5000000000000000e+01 3.4760154930976261e-04
4.6000000000000000e+01 2.6800071466857243e-04
4.7000000000000000e+01 1.0927333233993941e-03
4.8000000000000000e+01 3.1845684909694738e-04
4.9000000000000000e+01 8.2149982396432348e-04
5.0000000000000000e+01 2.6856866111918285e-03
5.1000000000000000e+01 2.7046032347054688e-04
5.3000000000000000e+01 2.1885669263766087e-04
5.4000000000000000e+01 1.0240905100946064e-03
5.5000000000000000e+01 1.3622698233746711e-03
5.6000000000000000e+01 9.9841161788064448e-04
5.7000000000000000e+01 1.5391631512940373e-03
5.8000000000000000e+01 3.6494500481524658e-03
5.9000000000000000e+01 9.7144787970941042e-04
6.0000000000000000e+01 3.2376618830941548e-03
6.1000000000000000e+01 2.7218290691344586e-04
6.2000000000000000e+01 9.7314130011677690e-05
7.2000000000000000e+01 6.3809422524726156e-04
8.1000000000000000e+01 3.4248250892900828e-04
8.2000000000000000e+01 4.8804294777940460e-04
8.3000000000000000e+01 1.4012143858010276e-03
8.4000000000000000e+01 4.2034468263976461e-04
9.1000000000000000e+01 4.6184635911120233e-04
9.2000000000000000e+01 1.2080212611741966e-04
9.3000000000000000e+01 1.7136002741760439e-04
9.5000000000000000e+01 8.9331291475242469e-04
9.6000000000000000e+01 1.9693762000886221e-04
9.8000000000000000e+01 3.7741952876475977e-04
9.9000000000000000e+01 3.6643459142543056e-04
1.0000000000000000e+02 7.0901871809415766e-04
1.0100000000000000e+02 6.1980909879757041e-05
1.0200000000000000e+02 3.3127208480565373e-04
1.0300000000000000e+02 4.5632333767926987e-04
1.0400000000000000e+02 9.1353400630338465e-05
1.1200000000000000e+02 4.7458342121915205e-04
1.1300000000000000e+02 2.6804261877638546e-04
1.1400000000000000e+02 6.9245227025422891e-04
1.1500000000000000e+02 1.6322611617858858e-03
1.1600000000000000e+02 1.0007373854419045e-03
1.1700000000000000e+02 2.2864459484177793e-04
1.1900000000000000e+02 4.5138575426559538e-05
1.2000000000000000e+02 1.5413070283600493e-04
1.2200000000000000e+02 5.6299189981042106e-03
1.2300000000000000e+02 3.4667859539252964e-03
1.2400000000000000e+02 2.3579344494223061e-03
1.2500000000000000e+02 1.9800999950497501e-04
1.2600000000000000e+02 8.3595594020456339e-04
1.2700000000000000e+02 5.3128689492325861e-04
1.2800000000000000e+02 1.8537883829261336e-03
1.2900000000000000e+02 1.3430127041742287e-03
1.3000000000000000e+02 1.3792102206736353e-03
1.3100000000000000e+02 1.0590415673815197e-03
1.3200000000000000e+02 5.6785917092561046e-04
1.3300000000000000e+02 1.5122433548537195e-03
1.3400000000000000e+02 3.3730265639312466e-02
1.3500000000000000e+02 5.8233850505386630e-04
1.3600000000000000e+02 4.0163246624456479e-02
1.3700000000000000e+02 2.2724293143381548e-03
1.3800000000000000e+02 6.0662914321450911e-03
1.3900000000000000e+02 6.8234306109594793e-03
1.4000000000000000e+02 7.0478045161589467e-03
1.4100000000000000e+02 3.6361849540563116e-03
1.4200000000000000e+02 3.9204572292286617e-03
1.4300000000000000e+02 2.1018672401994331e-03
1.4400000000000000e+02 4.3935139052450403e-03
1.4500000000000000e+02 1.2313375404032630e-03
1.4600000000000000e+02 9.2293493308721734e-04
1.4700000000000000e+02 1.4040014040014039e-03
1.4800000000000000e+02 1.8038819539649325e-03
1.4900000000000000e+02 7.2179830892967617e-04
1.5100000000000000e+02 3.3515808289576583e-04
1.5200000000000000e+02 2.5909420665353925e-04
1.5300000000000000e+02 1.3242334725476214e-03
1.5500000000000000e+02 1.3957157594514230e-03
1.5700000000000000e+02 4.7363253046843416e-03
1.5800000000000000e+02 1.1863099827985053e-03
1.5900000000000000e+02 5.6541098310834692e-04
1.6000000000000000e+02 1.4411370074044626e-03
1.6100000000000000e+02 5.4216570555473405e-04
1.6600000000000000e+02 6.9350131476290922e-04
1.7000000000000000e+02 1.9029495718363463e-04
1.7100000000000000e+02 3.9397222495814047e-04
1.7200000000000000e+02 2.4054652169729627e-04
1.7300000000000000e+02 1.1049723756906078e-03
1.7400000000000000e+02 6.3995274195136358e-04
1.7500000000000000e+02 4.6904315196998124e-04
1.7600000000000000e+02 5.9724414487436546e-04
1.7700000000000000e+02 3.3495850236331832e-04
1.7800000000000000e+02 4.9741963564011685e-04
1.7900000000000000e+02 1.3717421124828531e-03
1.8000000000000000e+02 9.8850858766835531e-04
1.8100000000000000e+02 6.8907028516908720e-04
1.8200000000000000e+02 9.6914052537617958e-04
1.8300000000000000e+02 8.2127091674366083e-04
1.8400000000000000e+02 2.4186721489902045e-04
1.8500000000000000e+02 4.2643923240938164e-04
