0.0000000000000000e+00 3.9430746918056566e-03
1.0000000000000000e+00 7.0236288749187083e-03
2.0000000000000000e+00 3.7409149209063704e-03
3.0000000000000000e+00 4.0071657552328867e-03
4.0000000000000000e+00 3.7951807228915665e-03
5.0000000000000000e+00 2.4344675309969995e-03
6.0000000000000000e+00 2.8699775393062140e-03
7.0000000000000000e+00 4.6720239207624745e-04
8.0000000000000000e+00 1.6225487923601132e-03
9.0000000000000000e+00 1.0319917440660474e-03
1.0000000000000000e+01 3.8006230529595017e-03
1.1000000000000000e+01 1.1350551077479849e-02
1.2000000000000000e+01 1.6647896978896342e-03
1.3000000000000000e+01 2.4455077086656036e-03
1.4000000000000000e+01 2.4337244676227725e-03
1.5000000000000000e+01 1.1509517485613103e-03
1.6000000000000000e+01 9.0031101653298407e-04
1.7000000000000000e+01 9.5038015206082435e-04
1.8000000000000000e+01 5.9261767693870636e-03
1.9000000000000000e+01 2.2510822510822511e-03
2.0000000000000000e+01 9.6387754165327944e-04
2.1000000000000000e+01 6.3358597820937943e-03
2.2000000000000000e+01 1.5320895795916872e-02
2.3000000000000000e+01 1.4476114411221485e-03
2.4000000000000000e+01 2.3557802803953116e-03
2.5000000000000000e+01 6.2951395666601597e-03
2.6000000000000000e+01 8.1314034802406894e-04
2.7000000000000000e+01 3.0729833546734955e-03
2.8000000000000000e+01 1.4207876405269330e-02
2.9000000000000000e+01 2.8325796352432538e-03
3.0000000000000000e+01 1.7430804986266638e-03
3.1000000000000000e+01 4.3643530902435588e-03
4.2000000000000000e+01 4.6507073970725021e-03
4.3000000000000000e+01 1.4138754814489785e-03
4.4000000000000000e+01 3.0845157310302285e-03
4.5000000000000000e+01 1.8869798391101401e-03
4.6000000000000000e+01 2.0100053600142932e-03
4.7000000000000000e+01 1.4304872597228431e-02
4.8000000000000000e+01 1.0736545198125653e-02
4.9000000000000000e+01 1.6312639361577279e-02
5.0000000000000000e+01 1.2679963016774534e-02
5.1000000000000000e+01 1.5145778114350624e-03
5.3000000000000000e+01 2.3636522804867371e-03
5.4000000000000000e+01 1.1557592899639131e-02
5.5000000000000000e+01 1.4937993235625705e-02
5.6000000000000000e+01 1.4613115498071250e-02
5.7000000000000000e+01 6.6127009463003081e-03
5.8000000000000000e+01 2.4583101018804804e-02
5.9000000000000000e+01 1.1741848285183308e-02
6.0000000000000000e+01 1.6407070353517676e-02
6.1000000000000000e+01 1.0070767555797496e-02
6.2000000000000000e+01 1.1434410276372129e-02
7.1000000000000000e+01 2.6430054747970549e-03
7.2000000000000000e+01 1.0209507603956185e-02
8.1000000000000000e+01 8.6109887959293502e-03
8.2000000000000000e+01 1.0200097608589555e-02
8.3000000000000000e+01 2.6973376926669779e-02
8.4000000000000000e+01 4.7639064032506655e-03
9.1000000000000000e+01 5.6447888335813623e-03
9.2000000000000000e+01 1.0992993476685189e-02
9.3000000000000000e+01 9.7104015536642486e-03
9.5000000000000000e+01 1.2059724349157733e-02
9.6000000000000000e+01 5.4157845502437107e-03
9.7000000000000000e+01 1.7640478444195852e-03
9.8000000000000000e+01 5.4456246293201060e-03
9.9000000000000000e+01 4.7113018897555359e-03
1.0000000000000000e+02 1.3424087729249386e-02
1.0100000000000000e+02 3.5329118631461510e-03
1.0200000000000000e+02 5.0242932862190814e-03
1.0300000000000000e+02 6.2581486310299868e-03
1.0400000000000000e+02 5.7095875393961540e-03
1.1200000000000000e+02 5.0094916684243831e-03
1.1300000000000000e+02 1.6082557126583126e-03
1.1400000000000000e+02 6.6772183203086359e-03
1.1500000000000000e+02 8.4973595775324050e-03
1.1600000000000000e+02 8.1112398609501733e-03
1.1700000000000000e+02 7.2708981159685382e-03
1.1800000000000000e+02 2.4973864560343824e-03
1.1900000000000000e+02 2.5277602238873340e-03
1.2000000000000000e+02 3.1853678586107686e-03
1.2200000000000000e+02 5.0554374676854141e-03
1.2300000000000000e+02 4.0818608812346231e-03
1.2400000000000000e+02 6.8969582645602451e-03
1.2500000000000000e+02 1.0890549972773626e-03
1.2600000000000000e+02 9.5889063729346965e-03
1.2700000000000000e+02 4.1912632821723729e-03
1.2800000000000000e+02 6.8447571061888016e-03
1.2900000000000000e+02 8.8203266787658802e-03
1.3000000000000000e+02 1.2122531939605110e-02
1.3100000000000000e+02 8.6047127349748471e-03
1.3200000000000000e+02 4.0266377574725105e-03
1.3300000000000000e+02 6.2816262432385276e-03
1.3400000000000000e+02 1.7888894875801496e-02
1.3500000000000000e+02 1.1646770101077326e-03
1.3600000000000000e+02 2.5669387443740942e-02
1.3700000000000000e+02 6.1180789232181095e-03
1.3800000000000000e+02 7.3170731707317077e-03
1.3900000000000000e+02 1.2859542305269788e-02
1.4000000000000000e+02 1.5625724486483979e-02
1.4100000000000000e+02 9.3852881922264261e-03
1.4200000000000000e+02 1.9366114023900618e-02
1.4300000000000000e+02 3.7149281454687652e-03
1.4400000000000000e+02 1.0281728417429114e-02
1.4500000000000000e+02 3.9248884100354011e-03
1.4600000000000000e+02 3.8895115037247017e-03
1.4700000000000000e+02 3.6270036270036271e-03
1.4800000000000000e+02 2.9583664045024893e-03
1.4900000000000000e+02 4.0214477211796247e-03
1.5100000000000000e+02 2.7929840241313819e-03
1.5200000000000000e+02 6.9437247383148512e-03
1.5300000000000000e+02 3.2087195680961596e-03
1.5500000000000000e+02 5.2794465683597309e-03
1.5700000000000000e+02 8.1441691214694158e-03
1.5800000000000000e+02 4.9825019277537222e-03
1.5900000000000000e+02 8.4811647466252033e-04
1.6000000000000000e+02 3.6773840878596632e-03
1.6100000000000000e+02 6.0131105525161417e-03
1.6600000000000000e+02 4.0165284480018493e-03
1.7000000000000000e+02 4.6939422771963210e-03
1.7100000000000000e+02 1.9206145966709346e-03
1.7200000000000000e+02 2.3573559126335033e-03
1.7300000000000000e+02 5.2486187845303869e-03
1.7400000000000000e+02 1.4768140198877621e-03
1.7500000000000000e+02 4.2213883677298314e-03
1.7600000000000000e+02 7.7641738833667505e-03
1.7700000000000000e+02 2.6424504075328445e-03
1.7800000000000000e+02 4.4145992663060371e-03
1.7900000000000000e+02 6.1156835848193876e-03
1.8000000000000000e+02 3.7686889904856046e-03
1.8100000000000000e+02 3.8693946782571821e-03
1.8200000000000000e+02 2.8564141800561083e-03
1.8300000000000000e+02 3.6443896930499950e-03
1.8400000000000000e+02 1.1488692707703472e-03
1.8500000000000000e+02 3.6010424070125561e-03
