0.0000000000000000e+00 8.0221174764321980e-03
1.0000000000000000e+00 1.2789941469759376e-02
2.0000000000000000e+00 3.7622915775972640e-02
3.0000000000000000e+00 1.9517254384310767e-01
4.0000000000000000e+00 1.7951807228915664e-02
5.0000000000000000e+00 2.2742455981430107e-01
6.0000000000000000e+00 3.0758672323433992e-02
7.0000000000000000e+00 3.0835357877032330e-03
8.0000000000000000e+00 1.5205600111260489e-01
9.0000000000000000e+00 1.0653797122564196e-01
1.0000000000000000e+01 9.6573208722741430e-02
1.1000000000000000e+01 2.4099358447113011e-02
1.2000000000000000e+01 1.6065220584634970e-01
1.3000000000000000e+01 6.2200956937799042e-02
1.4000000000000000e+01 2.1164710995219469e-02
1.5000000000000000e+01 2.0008853474988934e-02
1.6000000000000000e+01 1.9684072679652970e-02
1.7000000000000000e+01 2.4609843937575031e-02
1.8000000000000000e+01 3.5500620837566318e-02
1.9000000000000000e+01 5.6796536796536796e-02
2.0000000000000000e+01 8.1241107082204982e-03
2.1000000000000000e+01 3.7363808621506393e-02
2.2000000000000000e+01 5.6445405563904259e-03
2.3000000000000000e+01 2.9850746268656716e-02
2.4000000000000000e+01 3.9473684210526314e-02
2.5000000000000000e+01 6.4415381612336524e-03
2.6000000000000000e+01 1.9190112213368027e-02
2.7000000000000000e+01 1.0550576184379001e-02
2.8000000000000000e+01 3.0346920477274296e-02
2.9000000000000000e+01 3.3344928688565326e-02
3.0000000000000000e+01 6.6553982674836254e-03
3.1000000000000000e+01 1.2177952977615092e-02
4.2000000000000000e+01 8.6160473882606354e-03
4.3000000000000000e+01 1.2237336063575643e-02
4.4000000000000000e+01 8.7051888409075337e-03
4.5000000000000000e+01 4.3201906842784783e-03
4.6000000000000000e+01 3.5688761836698231e-02
4.7000000000000000e+01 4.6689514727065017e-03
4.8000000000000000e+01 1.5422410263409307e-02
4.9000000000000000e+01 4.9681179830223373e-03
5.0000000000000000e+01 6.4720644564786687e-03
5.1000000000000000e+01 4.5978254989992966e-03
5.3000000000000000e+01 2.3636522804867371e-03
5.4000000000000000e+01 7.6562957183263433e-03
5.5000000000000000e+01 4.8853814355505447e-03
5.6000000000000000e+01 6.3989108236895851e-03
5.7000000000000000e+01 1.1458214570744498e-02
5.8000000000000000e+01 6.9440924527345528e-03
5.9000000000000000e+01 8.6585571887143106e-03
6.0000000000000000e+01 8.3566678333916698e-03
6.1000000000000000e+01 8.7098530212302676e-03
6.2000000000000000e+01 1.3575321136629039e-02
7.1000000000000000e+01 1.3529670882889686e-02
7.2000000000000000e+01 1.6377751781346379e-02
8.1000000000000000e+01 1.3258965702823035e-02
8.2000000000000000e+01 1.2981942410932161e-02
8.3000000000000000e+01 1.3817530748871244e-02
8.4000000000000000e+01 1.0928961748633880e-02
9.1000000000000000e+01 5.0289936880997584e-03
9.2000000000000000e+01 8.2749456390432477e-03
9.3000000000000000e+01 8.1681613069058100e-03
9.5000000000000000e+01 1.6015824400204187e-02
9.6000000000000000e+01 8.4190832553788595e-03
9.7000000000000000e+01 8.2609069787453748e-03
9.8000000000000000e+01 7.4944734997573733e-03
9.9000000000000000e+01 1.5233209443542900e-02
1.0000000000000000e+02 4.9158631121194929e-03
1.0100000000000000e+02 1.5203917193504402e-01
1.0200000000000000e+02 4.9690812720848054e-03
1.0300000000000000e+02 8.8005215123859188e-03
1.0400000000000000e+02 1.8727447129219386e-02
1.1200000000000000e+02 8.9643535119173171e-03
1.1300000000000000e+02 1.3000067010654695e-02
1.1400000000000000e+02 1.1425462459194777e-02
1.1500000000000000e+02 6.7210753720595299e-03
1.1600000000000000e+02 9.5333403560518282e-03
1.1700000000000000e+02 9.6488019023230290e-03
1.1800000000000000e+02 2.0792194215356021e-02
1.1900000000000000e+02 1.5211699918750564e-02
1.2000000000000000e+02 4.9835593916974924e-03
1.2200000000000000e+02 1.1949215832710979e-02
1.2300000000000000e+02 2.7790203533885036e-02
1.2400000000000000e+02 5.5411459561424195e-03
1.2500000000000000e+02 1.1435077471412307e-02
1.2600000000000000e+02 1.6719118804091267e-02
1.2700000000000000e+02 1.1747343565525384e-02
1.2800000000000000e+02 1.0552333872041068e-02
1.2900000000000000e+02 7.6588021778584391e-03
1.3000000000000000e+02 1.1977351916376307e-02
1.3100000000000000e+02 1.1914217633042097e-02
1.3200000000000000e+02 8.0016519539517841e-03
1.3300000000000000e+02 1.8961205141627406e-02
1.3400000000000000e+02 5.0649280672450028e-03
1.3500000000000000e+02 5.8483424150409719e-02
1.3600000000000000e+02 9.0014493859180717e-03
1.3700000000000000e+02 6.0743783594808375e-03
1.3800000000000000e+02 1.1194496560350219e-02
1.3900000000000000e+02 6.7184547554062562e-03
1.4000000000000000e+02 8.6242871052997633e-03
1.4100000000000000e+02 1.3561987125939758e-02
1.4200000000000000e+02 1.0344338954229843e-02
1.4300000000000000e+02 4.0570925799198361e-03
1.4400000000000000e+02 1.8117583114412538e-02
1.4500000000000000e+02 2.9475142373403110e-02
1.4600000000000000e+02 1.0350056035335222e-02
1.4700000000000000e+02 4.0950040950040950e-03
1.4800000000000000e+02 9.0915650479832608e-03
1.4900000000000000e+02 1.3404825737265416e-02
1.5100000000000000e+02 7.5410568651547317e-03
1.5200000000000000e+02 2.2023007565550833e-02
1.5300000000000000e+02 5.9081185698278494e-03
1.5500000000000000e+02 4.9153468050245766e-03
1.5700000000000000e+02 8.4329694449257787e-03
1.5800000000000000e+02 2.7522391600925320e-02
1.5900000000000000e+02 7.7037246448512266e-03
1.6000000000000000e+02 1.7045172191025196e-02
1.6100000000000000e+02 1.3061264724727685e-02
1.6600000000000000e+02 8.9577253156875782e-03
1.7000000000000000e+02 1.0719949254678084e-02
1.7100000000000000e+02 8.4556288781640898e-02
1.7200000000000000e+02 8.6115654767632051e-03
1.7300000000000000e+02 1.0552486187845303e-02
1.7400000000000000e+02 7.3840700994388109e-03
1.7500000000000000e+02 7.0356472795497184e-03
1.7600000000000000e+02 3.8394266456209208e-03
1.7700000000000000e+02 4.3172429193494358e-03
1.7800000000000000e+02 6.7151650811415782e-03
1.7900000000000000e+02 3.2064471879286696e-02
1.8000000000000000e+02 8.6494501420981088e-03
1.8100000000000000e+02 7.7387893565143643e-03
1.8200000000000000e+02 5.2894669727110433e-02
1.8300000000000000e+02 1.2883687506416179e-02
1.8400000000000000e+02 8.4653525214657150e-03
1.8500000000000000e+02 1.1087420042643924e-02
