3.0000000000000000e+00 9.5840521372436263e-05
7.0000000000000000e+00 7.3136839025817301e-05
9.0000000000000000e+00 1.1049113308656980e-04
1.0000000000000000e+01 3.6201279111861955e-04
1.2000000000000000e+01 6.2266500622665003e-05
1.4000000000000000e+01 2.4260628465804066e-03
1.5000000000000000e+01 1.5655752370728217e-03
1.6000000000000000e+01 6.8897637795275590e-04
1.7000000000000000e+01 9.9480490770421145e-04
1.9000000000000000e+01 1.5289545773077657e-03
2.0000000000000000e+01 7.4850299401197604e-05
2.1000000000000000e+01 2.1364097633926187e-04
2.2000000000000000e+01 1.0981167298083787e-04
2.3000000000000000e+01 2.1714347755279301e-04
2.4000000000000000e+01 5.0469365095387097e-05
2.6000000000000000e+01 1.3586033557502888e-04
2.9000000000000000e+01 6.3698324734059493e-05
3.0000000000000000e+01 1.6579165515335728e-04
3.2000000000000000e+01 6.3299151791365994e-04
4.2000000000000000e+01 2.9087158329035587e-03
4.3000000000000000e+01 1.1881423394522664e-04
4.4000000000000000e+01 6.9092327408480526e-03
4.5000000000000000e+01 5.4328141977544372e-03
4.7000000000000000e+01 2.6348634031341006e-03
4.8000000000000000e+01 2.7664047803474605e-04
4.9000000000000000e+01 1.9041815827557315e-03
5.0000000000000000e+01 5.9192612761927311e-05
5.1000000000000000e+01 7.0605540573670019e-03
5.2000000000000000e+01 1.0691859478418284e-02
5.3000000000000000e+01 7.7098800685322672e-03
5.4000000000000000e+01 4.9789526094237994e-04
5.6000000000000000e+01 5.7791320794367974e-04
5.7000000000000000e+01 1.3281388347795290e-04
5.8000000000000000e+01 1.6036777676805474e-03
5.9000000000000000e+01 3.5447196645484805e-03
6.0000000000000000e+01 4.1375315486780590e-05
6.1000000000000000e+01 5.8699225170227754e-05
6.4000000000000000e+01 6.1881188118811882e-04
6.5000000000000000e+01 4.4689408610159393e-04
6.6000000000000000e+01 5.1762513587659817e-05
6.9000000000000000e+01 6.4419153961777973e-04
7.0000000000000000e+01 2.5122472051249844e-04
7.1000000000000000e+01 3.3470936070512103e-04
7.3000000000000000e+01 4.6874084490537292e-04
7.9000000000000000e+01 2.0025365462919700e-04
8.3000000000000000e+01 3.2544137987145064e-04
8.6000000000000000e+01 9.2404361485862136e-05
8.7000000000000000e+01 9.0900827197527503e-05
9.0000000000000000e+01 6.0598715307235486e-05
9.1000000000000000e+01 1.3702384214853386e-04
9.3000000000000000e+01 8.2338410868670233e-05
9.4000000000000000e+01 6.8264045327326103e-05
9.6000000000000000e+01 2.3064060427838322e-04
9.7000000000000000e+01 7.2992700729927014e-05
9.9000000000000000e+01 1.3529968881071573e-04
1.0100000000000000e+02 2.9967036260113877e-04
1.0200000000000000e+02 3.2200933827080985e-04
1.0300000000000000e+02 2.6411705667952036e-04
1.1200000000000000e+02 8.9142449634515962e-05
1.1500000000000000e+02 1.1896972220569865e-04
1.1600000000000000e+02 1.7275632720048371e-04
1.2100000000000000e+02 8.1162243324405485e-05
1.2200000000000000e+02 3.9530899986823034e-04
1.2300000000000000e+02 5.9701492537313433e-04
1.2500000000000000e+02 3.2343618604049423e-04
1.2600000000000000e+02 7.3491585213493054e-05
1.2700000000000000e+02 2.2476961114857271e-04
1.2800000000000000e+02 9.0098207045679785e-05
1.2900000000000000e+02 1.2714558169103624e-04
1.3000000000000000e+02 7.0447340612891866e-05
1.3300000000000000e+02 5.6097834623583531e-05
1.3700000000000000e+02 2.1046723726673216e-04
1.3800000000000000e+02 1.5370427297878880e-04
1.3900000000000000e+02 3.6586481295161437e-04
1.4000000000000000e+02 6.5163560536947736e-05
1.4100000000000000e+02 1.3217023526301876e-04
1.4200000000000000e+02 6.1349693251533746e-05
1.4300000000000000e+02 8.2754054948692488e-05
1.4400000000000000e+02 1.1394986206069329e-03
1.4500000000000000e+02 2.2851919561243144e-04
1.4800000000000000e+02 3.0731407498463427e-04
1.4900000000000000e+02 7.4992789154888957e-04
1.5000000000000000e+02 1.0206164523372117e-04
1.5100000000000000e+02 4.9593334655822257e-05
1.5200000000000000e+02 6.1686509160446612e-05
1.5700000000000000e+02 7.8523753435414217e-05
1.5800000000000000e+02 6.6312997347480100e-05
1.6000000000000000e+02 1.0139931048468871e-04
1.6200000000000000e+02 2.1334091878822358e-04
1.6300000000000000e+02 7.2217808911677621e-05
1.6400000000000000e+02 1.8775816748028539e-04
1.6600000000000000e+02 5.6357078449053198e-05
1.6900000000000000e+02 1.6889989866006081e-04
1.7000000000000000e+02 2.9181743901015526e-04
1.7300000000000000e+02 8.6110393524498402e-05
1.7400000000000000e+02 1.9655375745266331e-04
1.7500000000000000e+02 2.2561519492103467e-03
1.7600000000000000e+02 2.6414496275556024e-04
1.7800000000000000e+02 1.8978933383943821e-04
1.8200000000000000e+02 1.7743080198722499e-04
1.8300000000000000e+02 5.2603892688058915e-04
1.8500000000000000e+02 1.6894745734076703e-04
1.9000000000000000e+02 2.0529665366454526e-04
1.9100000000000000e+02 3.1094527363184079e-04
1.9200000000000000e+02 2.3702299123014932e-04
1.9300000000000000e+02 2.9717682020802375e-04
1.9500000000000000e+02 1.6488046166529267e-04
1.9800000000000000e+02 4.2185192997257963e-04
2.0100000000000000e+02 1.8439977872026554e-04
2.0300000000000000e+02 1.7621145374449341e-04
2.0500000000000000e+02 5.4540496318516497e-04
2.0600000000000000e+02 1.9171779141104295e-04
2.0900000000000000e+02 4.1545492314083921e-04
2.1000000000000000e+02 1.6142050040355126e-04
2.1300000000000000e+02 1.1911852293031567e-03
2.2000000000000000e+02 5.0119032702668838e-04
2.2200000000000000e+02 7.9223608635373339e-04
2.2500000000000000e+02 1.9234468166955183e-04
2.4900000000000000e+02 1.9493177387914229e-04
2.5300000000000000e+02 1.1785503830288745e-03
2.5700000000000000e+02 4.9212598425196850e-04
2.5900000000000000e+02 2.0466639377814163e-04
2.6300000000000000e+02 2.1119324181626187e-04
2.6600000000000000e+02 3.7993920972644377e-04
2.7600000000000000e+02 1.8705574261129816e-04
2.8000000000000000e+02 2.4461839530332680e-04
2.8100000000000000e+02 2.6795284030010718e-04
2.9400000000000000e+02 2.0020020020020021e-04
3.0400000000000000e+02 1.9716088328075709e-04
3.0500000000000000e+02 2.1385799828913600e-04
3.1200000000000000e+02 2.8538812785388126e-04
3.3200000000000000e+02 2.2492127755285651e-04
3.3800000000000000e+02 4.4464206313917296e-04
3.4800000000000000e+02 1.0037641154328732e-03
3.5100000000000000e+02 4.2808219178082189e-04
3.5300000000000000e+02 3.3112582781456954e-04
3.6100000000000000e+02 2.3579344494223061e-04
3.6300000000000000e+02 7.3035349108968746e-04
3.7200000000000000e+02 7.1208165202943266e-04
3.7800000000000000e+02 2.1968365553602811e-04
3.7900000000000000e+02 3.5236081747709656e-04
3.8000000000000000e+02 3.4530386740331490e-04
3.8200000000000000e+02 8.0493694660584917e-04
3.8300000000000000e+02 3.9370078740157480e-04
3.8700000000000000e+02 6.0873535230558510e-04
3.9200000000000000e+02 1.9617459538989702e-03
3.9600000000000000e+02 1.7370158068438424e-04
3.9800000000000000e+02 2.1249468763280918e-04
4.1000000000000000e+02 2.8710881424059720e-04
4.1100000000000000e+02 2.1824530772588389e-04
4.1300000000000000e+02 4.9966688874083945e-04
