0.0000000000000000e+00 3.8948393378773126e-04
3.0000000000000000e+00 1.5547263681592040e-04
5.0000000000000000e+00 3.4662045060658580e-04
9.0000000000000000e+00 1.5001500150015003e-04
1.3000000000000000e+01 5.8275058275058275e-05
1.4000000000000000e+01 7.1404344954390474e-05
1.6000000000000000e+01 1.9883087445818587e-05
1.7000000000000000e+01 2.0422750944552230e-05
1.8000000000000000e+01 6.2262623746964696e-04
1.9000000000000000e+01 7.6051410753669475e-05
2.1000000000000000e+01 1.2593268897774141e-04
2.2000000000000000e+01 2.4510728157170329e-04
2.6000000000000000e+01 5.7120009139201462e-05
2.7000000000000000e+01 6.1320851133413737e-05
2.8000000000000000e+01 2.0808561236623066e-04
2.9000000000000000e+01 2.0743660218845616e-04
3.0000000000000000e+01 5.4185857491194801e-05
3.1000000000000000e+01 2.1500367297941340e-04
3.2000000000000000e+01 3.6359669854197724e-04
4.2000000000000000e+01 1.0819583446037328e-04
4.3000000000000000e+01 3.7315753467255427e-04
4.4000000000000000e+01 1.7069215669539985e-05
4.5000000000000000e+01 5.8690100407658263e-04
4.6000000000000000e+01 7.2090257001766205e-05
4.7000000000000000e+01 1.3850415512465374e-03
4.8000000000000000e+01 1.7780526458196437e-03
4.9000000000000000e+01 1.3151854572163056e-02
5.0000000000000000e+01 7.5549198665052992e-03
5.1000000000000000e+01 4.2741131215272830e-04
5.2000000000000000e+01 2.1847989028163173e-03
5.3000000000000000e+01 1.6101045786371952e-02
5.4000000000000000e+01 3.3874835354115305e-02
5.6000000000000000e+01 2.1453702909122116e-03
5.7000000000000000e+01 1.4193734186328760e-03
5.8000000000000000e+01 1.0988164617083001e-02
5.9000000000000000e+01 4.6276179716694182e-03
6.0000000000000000e+01 5.1425401160805732e-03
6.1000000000000000e+01 9.5145592578643778e-04
6.2000000000000000e+01 1.5606034333275534e-04
6.4000000000000000e+01 2.8458797984695491e-03
6.5000000000000000e+01 4.3179095746162634e-03
6.6000000000000000e+01 4.0800662505807023e-03
6.7000000000000000e+01 3.0530332938544544e-03
6.8000000000000000e+01 7.1855887169546473e-04
6.9000000000000000e+01 6.2324649298597197e-03
7.0000000000000000e+01 1.8241850453309984e-03
7.1000000000000000e+01 8.2787167988961714e-04
7.2000000000000000e+01 1.8367552334943638e-03
7.3000000000000000e+01 2.8895862022258845e-03
7.9000000000000000e+01 9.6651560385747123e-03
8.0000000000000000e+01 5.5606647133049593e-03
8.1000000000000000e+01 3.9919124889833584e-03
8.2000000000000000e+01 7.1892508304824236e-04
8.3000000000000000e+01 7.5845038804438457e-03
8.4000000000000000e+01 2.0461426036120682e-03
8.6000000000000000e+01 7.6075180178058321e-03
8.7000000000000000e+01 1.0507533703409992e-03
8.8000000000000000e+01 1.5591615175838771e-03
8.9000000000000000e+01 1.4373388697497206e-03
9.0000000000000000e+01 2.6202077778799300e-03
9.1000000000000000e+01 5.2250715987844599e-03
9.2000000000000000e+01 3.2737816855298848e-04
9.3000000000000000e+01 4.7675349937068538e-04
9.4000000000000000e+01 5.0243572099525962e-03
9.5000000000000000e+01 1.7140749419601207e-03
9.6000000000000000e+01 6.4444960520204366e-03
9.7000000000000000e+01 2.3402228389181128e-03
9.8000000000000000e+01 7.8385931429350423e-04
9.9000000000000000e+01 2.2143389746254829e-03
1.0000000000000000e+02 2.4367509986684419e-03
1.0100000000000000e+02 2.9044437990124891e-04
1.0300000000000000e+02 3.0252542967379868e-03
1.0400000000000000e+02 7.3140405197844795e-05
1.0500000000000000e+02 5.8358038236186655e-04
1.1200000000000000e+02 1.9785133450725126e-03
1.1400000000000000e+02 1.3148283418553688e-04
1.1500000000000000e+02 1.2430080795525170e-03
1.1600000000000000e+02 5.5719857700055721e-04
1.1700000000000000e+02 1.4068819977724367e-03
1.1800000000000000e+02 5.2641215783209741e-04
1.2000000000000000e+02 4.1628324788571931e-04
1.2200000000000000e+02 5.3105569446595708e-04
1.2300000000000000e+02 5.9813165421465316e-04
1.2400000000000000e+02 6.2182023742227252e-04
1.2500000000000000e+02 2.5379224176639399e-04
1.2600000000000000e+02 4.2424113866321617e-05
1.2700000000000000e+02 3.1155681043715315e-04
1.2900000000000000e+02 1.8188432157148055e-05
1.3000000000000000e+02 9.3952339630198247e-03
1.3100000000000000e+02 1.6551838288539922e-04
1.3200000000000000e+02 1.9951716845234531e-05
1.3400000000000000e+02 9.1427938161467285e-04
1.3500000000000000e+02 3.6303722527856124e-04
1.3700000000000000e+02 1.3050787471244028e-03
1.3800000000000000e+02 1.4837424223154859e-04
1.4000000000000000e+02 3.0270655270655270e-04
1.4100000000000000e+02 1.5309916451598793e-04
1.4200000000000000e+02 8.9331576478995917e-05
1.4300000000000000e+02 8.6926286509040330e-05
1.4400000000000000e+02 3.5760263195537117e-04
1.4500000000000000e+02 2.3734006516063608e-04
1.4600000000000000e+02 1.9711036209173516e-05
1.4700000000000000e+02 2.2962698372199826e-04
1.4800000000000000e+02 2.2503270824247709e-03
1.4900000000000000e+02 3.2208885357840717e-04
1.5000000000000000e+02 1.9251872244575784e-05
1.5100000000000000e+02 1.0506850466504162e-03
1.5200000000000000e+02 3.3925412557249136e-04
1.5300000000000000e+02 1.1470191838958507e-04
1.5400000000000000e+02 2.6503405687630861e-04
1.5500000000000000e+02 2.9149289205793980e-04
1.5700000000000000e+02 5.3948624310080093e-04
1.5800000000000000e+02 1.8449333517826669e-04
1.5900000000000000e+02 1.2755752844532885e-04
1.6000000000000000e+02 2.4258596640184366e-04
1.6100000000000000e+02 3.8035481273772176e-03
1.6200000000000000e+02 8.7404947120006994e-05
1.6300000000000000e+02 6.6518338417781040e-04
1.6400000000000000e+02 1.1600389773096377e-04
1.6600000000000000e+02 1.3029315960912051e-04
1.6700000000000000e+02 1.9588638589618021e-04
1.6900000000000000e+02 7.4693755602031674e-04
1.7000000000000000e+02 8.4089728686963618e-04
1.7200000000000000e+02 2.2264276967605477e-04
1.7300000000000000e+02 2.1523312437784174e-04
1.7400000000000000e+02 2.2880153754633231e-04
1.7500000000000000e+02 1.0756389295241374e-04
1.7600000000000000e+02 2.1717884678032358e-05
1.7800000000000000e+02 3.1900979360066355e-05
1.7900000000000000e+02 9.3867334167709631e-05
1.8000000000000000e+02 6.8176888034956150e-04
1.8100000000000000e+02 1.6955870694970493e-03
1.8200000000000000e+02 2.4938221224693371e-04
1.8300000000000000e+02 7.2570695952974183e-05
1.8400000000000000e+02 2.8148398356133537e-05
1.8500000000000000e+02 4.7148546096626347e-03
1.8600000000000000e+02 8.5916188757866700e-05
1.8700000000000000e+02 1.3022528975126970e-04
1.8800000000000000e+02 3.0572219658514077e-03
1.8900000000000000e+02 8.6998992643243078e-03
1.9000000000000000e+02 3.3843961524759529e-03
1.9100000000000000e+02 7.8305128985948578e-03
1.9200000000000000e+02 1.3863528775275580e-03
1.9300000000000000e+02 1.9123593049939896e-04
1.9400000000000000e+02 1.7416371389105758e-03
1.9500000000000000e+02 5.5421807603571070e-03
1.9600000000000000e+02 4.9268748055180994e-04
1.9700000000000000e+02 1.7159248066383240e-03
1.9800000000000000e+02 3.1980896744344711e-04
1.9900000000000000e+02 1.2860925482284706e-03
2.0000000000000000e+02 1.4730878186968838e-03
2.0100000000000000e+02 4.3563493792202136e-04
2.0200000000000000e+02 6.1396051761594412e-04
2.0400000000000000e+02 2.4190231984324729e-05
2.0500000000000000e+02 2.9214139643587495e-04
2.0600000000000000e+02 3.0944697405066088e-04
2.0800000000000000e+02 5.4190262009916816e-05
2.0900000000000000e+02 2.6560424966799469e-05
2.1100000000000000e+02 2.6048450117218026e-05
2.1300000000000000e+02 6.6584545726936783e-05
2.1400000000000000e+02 2.3329445092484585e-04
2.1500000000000000e+02 2.2325415252723700e-04
2.1600000000000000e+02 6.3836578359399940e-05
2.1800000000000000e+02 2.9820480706148982e-05
2.2000000000000000e+02 2.6437541308658295e-05
2.2100000000000000e+02 3.2995677566238825e-05
2.2200000000000000e+02 2.5473164021703136e-05
2.2500000000000000e+02 1.7141265453922137e-04
2.2600000000000000e+02 2.2965276501929084e-04
2.2700000000000000e+02 2.6273153216271839e-04
2.2800000000000000e+02 4.6686487947514559e-04
2.3400000000000000e+02 7.3901020310861067e-04
2.3500000000000000e+02 1.7037019008445494e-04
2.3600000000000000e+02 1.4698533086397977e-04
2.3700000000000000e+02 6.6088155853111891e-04
2.3800000000000000e+02 3.6716710182767623e-04
2.4000000000000000e+02 9.4602114635503618e-04
2.4100000000000000e+02 2.3640103070849390e-04
2.4300000000000000e+02 4.4877379161056992e-04
2.4400000000000000e+02 1.7960729108516783e-03
2.4500000000000000e+02 1.5147073194566598e-03
2.4600000000000000e+02 1.4416303528717932e-03
2.4700000000000000e+02 8.8141967328710780e-05
2.4900000000000000e+02 6.5942761682859282e-05
2.5000000000000000e+02 1.7111567419575633e-04
2.5100000000000000e+02 5.1423135268557327e-05
2.5200000000000000e+02 1.0995294014161939e-04
2.5300000000000000e+02 6.8493150684931507e-04
2.5500000000000000e+02 1.0787486515641855e-03
2.5800000000000000e+02 2.4601686972820992e-03
2.5900000000000000e+02 3.4946299186916106e-04
2.6000000000000000e+02 2.3801023444008092e-05
2.6100000000000000e+02 3.1813361611876989e-04
2.6200000000000000e+02 3.0078806472959153e-05
2.6300000000000000e+02 3.1550717778829469e-04
2.6400000000000000e+02 1.0084711577248890e-04
2.6600000000000000e+02 1.2548625925461163e-04
2.6700000000000000e+02 4.9106265959536434e-04
2.6800000000000000e+02 3.3869602032176123e-05
2.6900000000000000e+02 8.2122033341545532e-05
2.7000000000000000e+02 5.6538700740656981e-05
2.7100000000000000e+02 1.5696615809631444e-04
2.7200000000000000e+02 1.7034033999931863e-04
2.7300000000000000e+02 6.4143681847338033e-04
2.7500000000000000e+02 1.9446425098852661e-04
2.7900000000000000e+02 3.7537537537537536e-05
2.8000000000000000e+02 4.1841004184100421e-05
2.8100000000000000e+02 3.8471896279767633e-05
2.8500000000000000e+02 6.0002400096003839e-05
2.8600000000000000e+02 2.4239486122894193e-05
2.9200000000000000e+02 5.1116033395808488e-03
2.9300000000000000e+02 1.1402114573975538e-03
2.9400000000000000e+02 4.7569496060651109e-04
2.9500000000000000e+02 2.8593895203374081e-04
2.9600000000000000e+02 1.1477981405670123e-04
2.9800000000000000e+02 3.2530904359141185e-05
2.9900000000000000e+02 3.6217568813380743e-04
3.0000000000000000e+02 5.8694057226705795e-04
3.0100000000000000e+02 3.1435666907673446e-04
3.0200000000000000e+02 5.5294442908487700e-05
3.0300000000000000e+02 8.6380650734235536e-05
3.0400000000000000e+02 2.5688450472667487e-04
3.0500000000000000e+02 1.9860973187686197e-04
3.0600000000000000e+02 1.3631871315134786e-04
3.0700000000000000e+02 1.0476689366160294e-04
3.0800000000000000e+02 3.7289778871611292e-05
3.0900000000000000e+02 3.9514878871698230e-04
3.1200000000000000e+02 2.6497787434749198e-05
3.1400000000000000e+02 1.6252234682268812e-04
3.1900000000000000e+02 8.7473757872638203e-05
3.2100000000000000e+02 2.1345286693881906e-04
3.2200000000000000e+02 1.8940589683692153e-04
3.2300000000000000e+02 1.3088576944471713e-04
3.2600000000000000e+02 8.8812575860741880e-05
3.3300000000000000e+02 4.4690740078655701e-05
3.3400000000000000e+02 5.9522038034582303e-05
3.3900000000000000e+02 1.7621145374449341e-04
3.4800000000000000e+02 3.8528221922558276e-04
3.4900000000000000e+02 5.3106744556558679e-04
3.5200000000000000e+02 7.3407964764176910e-04
3.5300000000000000e+02 3.3670033670033672e-04
3.5500000000000000e+02 4.2194092827004220e-04
3.5700000000000000e+02 7.6878723813184697e-04
3.5900000000000000e+02 2.4160425223483932e-04
3.6000000000000000e+02 1.6931933626820184e-04
3.6500000000000000e+02 2.4624476729869491e-04
3.7400000000000000e+02 1.9592476489028212e-04
3.7800000000000000e+02 2.7144408251900110e-04
3.8000000000000000e+02 1.6812373907195696e-04
3.8300000000000000e+02 1.9223375624759708e-04
3.8600000000000000e+02 1.6469038208168644e-04
3.8700000000000000e+02 1.9716088328075709e-04
3.9100000000000000e+02 1.8385732671446958e-04
3.9600000000000000e+02 1.7126220243192326e-04
