0.0000000000000000e+00 7.1609862218999275e-03
1.0000000000000000e+00 7.6739648818556251e-03
2.0000000000000000e+00 4.3287729799059427e-03
3.0000000000000000e+00 3.4414482368470677e-03
4.0000000000000000e+00 1.3012048192771084e-02
5.0000000000000000e+00 3.1704693426937666e-03
6.0000000000000000e+00 1.0606438732218617e-02
7.0000000000000000e+00 9.3440478415249487e-05
8.0000000000000000e+00 1.4834731815863891e-03
9.0000000000000000e+00 1.4569295210344199e-03
1.0000000000000000e+01 3.7383177570093459e-03
1.1000000000000000e+01 5.5930251686132585e-03
1.2000000000000000e+01 1.0772168633403517e-03
1.3000000000000000e+01 3.7745879851143007e-03
1.4000000000000000e+01 6.1277705345501952e-03
1.5000000000000000e+01 2.6117751217352809e-03
1.6000000000000000e+01 1.0640039286298904e-03
1.7000000000000000e+01 1.3005202080832333e-03
1.8000000000000000e+01 7.3936110170448131e-03
1.9000000000000000e+01 2.1212121212121214e-03
2.0000000000000000e+01 2.0654518749713131e-03
2.1000000000000000e+01 8.1122690667929896e-03
2.2000000000000000e+01 7.6237950372026533e-03
2.3000000000000000e+01 1.6971996206259672e-03
2.4000000000000000e+01 2.2408641691565156e-03
2.5000000000000000e+01 1.1126293187585399e-02
2.6000000000000000e+01 1.7889087656529517e-03
2.7000000000000000e+01 5.1216389244558257e-03
2.8000000000000000e+01 2.6208704048555072e-02
2.9000000000000000e+01 4.1246335039507032e-03
3.0000000000000000e+01 2.0600042256496936e-03
3.1000000000000000e+01 1.1403632268055752e-02
4.2000000000000000e+01 5.2871199882508447e-03
4.3000000000000000e+01 2.5352250012188582e-03
4.4000000000000000e+01 6.4432106381520325e-03
4.5000000000000000e+01 1.7380077465488132e-03
4.6000000000000000e+01 2.1440057173485795e-03
4.7000000000000000e+01 4.7186211692246561e-03
4.8000000000000000e+01 2.7296301351166915e-03
4.9000000000000000e+01 3.9119039236396357e-03
5.0000000000000000e+01 7.0884515475718749e-03
5.1000000000000000e+01 1.5145778114350624e-03
5.3000000000000000e+01 1.5757681869911582e-03
5.4000000000000000e+01 5.5105822686043106e-03
5.5000000000000000e+01 3.1614054866591509e-02
5.6000000000000000e+01 6.3081461311549807e-03
5.7000000000000000e+01 4.0474290274769122e-03
5.8000000000000000e+01 1.4648486998834203e-02
5.9000000000000000e+01 5.8709241425916542e-03
6.0000000000000000e+01 5.0752537626881341e-03
6.1000000000000000e+01 2.7762656505171475e-03
6.2000000000000000e+01 2.0435967302452314e-03
7.1000000000000000e+01 2.8947202819205840e-03
7.2000000000000000e+01 3.9880889077953847e-03
8.1000000000000000e+01 2.7398600714320662e-03
8.2000000000000000e+01 2.1961932650073207e-03
8.3000000000000000e+01 2.2419430172816442e-02
8.4000000000000000e+01 3.5028723553313717e-03
9.1000000000000000e+01 2.0526504849386769e-03
9.2000000000000000e+01 2.0536361439961342e-03
9.3000000000000000e+01 4.3982407037185126e-03
9.5000000000000000e+01 9.2521694742215416e-03
9.6000000000000000e+01 2.7571266801240707e-03
9.7000000000000000e+01 1.8070734016005507e-03
9.8000000000000000e+01 1.2940098129077479e-03
9.9000000000000000e+01 2.2509553473276447e-03
1.0000000000000000e+02 7.3737946681792397e-03
1.0100000000000000e+02 2.3552745754307674e-03
1.0200000000000000e+02 4.9690812720848054e-03
1.0300000000000000e+02 3.0638852672750976e-03
1.0400000000000000e+02 1.0094550769652400e-02
1.1200000000000000e+02 6.8550938620544188e-03
1.1300000000000000e+02 1.3402130938819272e-03
1.1400000000000000e+02 1.0485705806706895e-02
1.1500000000000000e+02 8.4973595775324050e-03
1.1600000000000000e+02 1.0639418518908669e-02
1.1700000000000000e+02 6.1734040607280046e-03
1.1800000000000000e+02 1.2777326054129400e-03
1.1900000000000000e+02 7.2221720682495260e-04
1.2000000000000000e+02 1.9009453349773942e-03
1.2200000000000000e+02 8.4448784971563173e-03
1.2300000000000000e+02 6.2625810780586001e-03
1.2400000000000000e+02 8.2527705729780708e-03
1.2500000000000000e+02 7.4253749814365624e-04
1.2600000000000000e+02 6.3926042486231313e-03
1.2700000000000000e+02 7.7331759149940971e-03
1.2800000000000000e+02 6.5595588934309343e-03
1.2900000000000000e+02 1.6660617059891109e-02
1.3000000000000000e+02 1.2558072009291521e-02
1.3100000000000000e+02 1.0811049333686347e-02
1.3200000000000000e+02 5.9367095142222907e-03
1.3300000000000000e+02 6.7469318908858255e-03
1.3400000000000000e+02 1.0679454711999568e-01
1.3500000000000000e+02 1.7054199076577514e-03
1.3600000000000000e+02 7.8915249065527507e-02
1.3700000000000000e+02 8.1283048551326308e-03
1.3800000000000000e+02 1.6572858036272672e-02
1.3900000000000000e+02 4.8078941843376022e-02
1.4000000000000000e+02 3.9226596188621503e-02
1.4100000000000000e+02 1.5527492506510737e-02
1.4200000000000000e+02 5.1579991497803603e-02
1.4300000000000000e+02 7.5276175579235506e-03
1.4400000000000000e+02 1.8208171029984600e-02
1.4500000000000000e+02 6.7723564722179464e-03
1.4600000000000000e+02 9.4271211022480053e-03
1.4700000000000000e+02 5.8500058500058497e-03
1.4800000000000000e+02 4.1128508550400461e-03
1.4900000000000000e+02 4.3823468756444628e-03
1.5100000000000000e+02 3.7425985923360519e-03
1.5200000000000000e+02 2.1245724945590217e-03
1.5300000000000000e+02 3.1068554548232658e-03
1.5500000000000000e+02 4.8546635111353844e-03
1.5700000000000000e+02 1.4266735978744297e-02
1.5800000000000000e+02 3.7961919449552169e-03
1.5900000000000000e+02 1.1308219662166938e-03
1.6000000000000000e+02 4.1246335039507032e-03
1.6100000000000000e+02 9.0196658287742121e-03
1.6600000000000000e+02 5.1723639726066984e-03
1.7000000000000000e+02 5.5185537583254040e-03
1.7100000000000000e+02 2.9055451590662860e-03
1.7200000000000000e+02 2.9827768690464736e-03
1.7300000000000000e+02 8.0662983425414357e-03
1.7400000000000000e+02 3.5935807817268879e-03
1.7500000000000000e+02 1.4305816135084427e-02
1.7600000000000000e+02 8.0201356597414779e-03
1.7700000000000000e+02 3.4612378577542893e-03
1.7800000000000000e+02 5.7825032643163592e-03
1.7900000000000000e+02 4.8010973936899867e-03
1.8000000000000000e+02 4.5718522179661438e-03
1.8100000000000000e+02 2.5442595144704759e-03
1.8200000000000000e+02 2.8564141800561083e-03
1.8300000000000000e+02 2.9771070731957703e-03
1.8400000000000000e+02 9.6746885959608179e-04
1.8500000000000000e+02 1.6109926557687751e-03
