7.0000000000000000e+00 1.2476425359059917e-03
8.0000000000000000e+00 2.1844373597827370e-03
9.0000000000000000e+00 1.5810723058245575e-03
1.0000000000000000e+01 2.9779424495308010e-03
1.1000000000000000e+01 5.3214670734224832e-03
1.2000000000000000e+01 4.0635633816776236e-03
1.3000000000000000e+01 1.9686855947583745e-03
1.4000000000000000e+01 3.3396129474225038e-03
1.5000000000000000e+01 7.9005076752080260e-03
1.6000000000000000e+01 1.2358527383894888e-03
1.7000000000000000e+01 3.2368621477532368e-03
1.8000000000000000e+01 2.7323272438443207e-03
1.9000000000000000e+01 2.5194920159340847e-03
2.0000000000000000e+01 4.4033219998885235e-03
2.1000000000000000e+01 5.2971064105797987e-03
2.2000000000000000e+01 1.7805292280720978e-03
2.3000000000000000e+01 1.0904076200250153e-03
2.4000000000000000e+01 1.6494510843112866e-03
2.5000000000000000e+01 1.2371559160108594e-03
2.6000000000000000e+01 4.0064102564102561e-03
2.7000000000000000e+01 4.0981022634134040e-04
2.8000000000000000e+01 8.9555580432105673e-04
2.9000000000000000e+01 3.8397675383976754e-03
3.0000000000000000e+01 5.5434421079862521e-04
3.1000000000000000e+01 4.4325499707284438e-03
4.2000000000000000e+01 1.5952413140462350e-03
4.3000000000000000e+01 7.5400855568891765e-03
4.4000000000000000e+01 1.0458891605037596e-02
4.5000000000000000e+01 2.4043335940442051e-03
4.6000000000000000e+01 1.3016263782311500e-02
4.8000000000000000e+01 1.6601391243350676e-02
4.9000000000000000e+01 3.2308208113627358e-03
5.0000000000000000e+01 4.0046857547606724e-03
5.1000000000000000e+01 2.4622013619051285e-03
5.3000000000000000e+01 3.1136019927052753e-03
5.4000000000000000e+01 7.3339826963845760e-03
5.6000000000000000e+01 1.5232292460015233e-03
5.7000000000000000e+01 8.3904966585215054e-03
5.8000000000000000e+01 1.2198119584587969e-02
6.1000000000000000e+01 1.9918515165233139e-03
6.2000000000000000e+01 1.0431607771547789e-03
7.1000000000000000e+01 8.2413665269341543e-03
7.2000000000000000e+01 8.2305776589928926e-03
8.1000000000000000e+01 3.9193517995100811e-03
8.2000000000000000e+01 1.3979792844887845e-03
8.3000000000000000e+01 8.6366262276140957e-03
8.4000000000000000e+01 5.9486537257357544e-03
8.5000000000000000e+01 1.0753057578672530e-02
9.0000000000000000e+01 6.9428891377379615e-03
9.1000000000000000e+01 1.1493149698874680e-02
9.2000000000000000e+01 1.3989869404913683e-02
9.3000000000000000e+01 1.4523329052773192e-02
9.5000000000000000e+01 1.1625558921101975e-02
9.6000000000000000e+01 1.1737688185761675e-02
9.7000000000000000e+01 4.7488704943442275e-03
9.9000000000000000e+01 1.3232837994090189e-02
1.0000000000000000e+02 1.8574274961257471e-02
1.0100000000000000e+02 1.0689876745136983e-02
1.0200000000000000e+02 1.4437646520670136e-02
1.0300000000000000e+02 4.5670442089879434e-03
1.0400000000000000e+02 6.6221104911398610e-03
1.1200000000000000e+02 3.3082402187489452e-03
1.1300000000000000e+02 4.2776138210034158e-03
1.1400000000000000e+02 3.7120869171570845e-03
1.1500000000000000e+02 3.5444357571019027e-03
1.1600000000000000e+02 3.8396260538104115e-03
1.1700000000000000e+02 3.1872940413808005e-03
1.1800000000000000e+02 5.5237972894855158e-03
1.1900000000000000e+02 6.5699863792965307e-03
1.2000000000000000e+02 2.5410090629323246e-04
1.2100000000000000e+02 6.6304203686513722e-04
1.2200000000000000e+02 2.1606827757571394e-04
1.2300000000000000e+02 2.1176894656213391e-03
1.2400000000000000e+02 1.3116435846706236e-02
1.2500000000000000e+02 3.8903365508129333e-03
1.2600000000000000e+02 6.0642813826561554e-04
1.2700000000000000e+02 3.0035520267446721e-03
1.2800000000000000e+02 4.6019989933127206e-03
1.2900000000000000e+02 2.4997306324749486e-03
1.3000000000000000e+02 1.3654836087781090e-02
1.3100000000000000e+02 1.0782588956358889e-03
1.3200000000000000e+02 6.5870412138609802e-03
1.3300000000000000e+02 3.4549223551660182e-03
1.3400000000000000e+02 2.6344927646901606e-03
1.3500000000000000e+02 3.3586656419890130e-03
1.3600000000000000e+02 4.4599257764177357e-03
1.3700000000000000e+02 3.0966463320224196e-04
1.3800000000000000e+02 6.8646514642625653e-03
1.3900000000000000e+02 5.5632502308402589e-03
1.4000000000000000e+02 1.2587940375751368e-02
1.4100000000000000e+02 9.4010563731189590e-03
1.4200000000000000e+02 3.0983916745506148e-03
1.4300000000000000e+02 4.3821209465381246e-04
1.4400000000000000e+02 1.5129473377945883e-03
1.4500000000000000e+02 1.6061676839061998e-03
1.4600000000000000e+02 1.5040986688726781e-04
1.4700000000000000e+02 8.3074284489227136e-04
1.4800000000000000e+02 1.3091504159279967e-03
1.4900000000000000e+02 6.1349693251533746e-04
1.5000000000000000e+02 2.9777413831608726e-04
1.5100000000000000e+02 1.5710163513946778e-03
1.5200000000000000e+02 1.8488157114452159e-03
1.5300000000000000e+02 1.8840993434199257e-03
1.5500000000000000e+02 4.6406288163065926e-03
1.5600000000000000e+02 1.4651804182946450e-03
1.5700000000000000e+02 6.1814663513222966e-04
1.5800000000000000e+02 8.7483394355700997e-04
1.5900000000000000e+02 2.5227664287472309e-03
1.6100000000000000e+02 2.5595000664805213e-03
1.6600000000000000e+02 1.5600156001560016e-03
1.6700000000000000e+02 3.7295687216840631e-03
1.7100000000000000e+02 1.6444470546778645e-03
1.7200000000000000e+02 3.4961839038435173e-03
1.7300000000000000e+02 1.1245501799280288e-03
1.7400000000000000e+02 3.6589575422851226e-03
1.7700000000000000e+02 2.4562983583739303e-04
1.7800000000000000e+02 7.0977358222726948e-05
1.7900000000000000e+02 4.8933536743329205e-04
1.8000000000000000e+02 2.2697077059344551e-03
1.8100000000000000e+02 6.5549059016992506e-03
1.8200000000000000e+02 6.9118129166211347e-03
1.8300000000000000e+02 3.7746883223902816e-03
1.8400000000000000e+02 1.3895321908290875e-03
1.8500000000000000e+02 4.1440776588799640e-03
